cam_01 24 2 2
cam_01 28 2 4
cam_01 30 1 1
cam_01 43 1 4
cam_01 45 2 2
cam_01 64 1 1
cam_01 66 1 1
cam_01 73 2 1
cam_01 84 1 1
cam_01 105 1 2
cam_01 121 2 1
cam_01 133 2 1
cam_01 139 2 1
cam_01 165 2 3
cam_01 211 2 3
cam_01 214 2 1
cam_01 232 2 1
cam_01 232 2 1
cam_01 232 1 1
cam_01 232 1 2
cam_01 240 2 4
cam_01 241 1 4
cam_01 282 2 4
cam_01 288 1 1
cam_01 301 1 1
cam_01 301 2 2
cam_01 306 2 1
cam_01 306 1 1
cam_01 306 1 4
cam_01 312 2 1
cam_01 316 1 1
cam_01 319 1 2
cam_01 330 2 1
cam_01 334 1 2
cam_01 339 2 2
cam_01 363 2 1
cam_01 369 2 1
cam_01 399 2 1
cam_01 399 1 1
cam_01 408 2 2
cam_01 415 2 1
cam_01 429 2 4
cam_01 430 1 1
cam_01 430 1 1
cam_01 430 2 1
cam_01 443 2 2
cam_01 448 1 4
cam_01 448 2 1
cam_01 466 1 2
cam_01 475 2 1
cam_01 486 2 4
cam_01 490 2 1
cam_01 498 1 4
cam_01 505 1 4
cam_01 520 1 4
cam_01 528 1 2
cam_01 528 2 1
cam_01 535 2 3
cam_01 540 2 1
cam_01 550 2 1
cam_01 555 2 1
cam_01 555 2 1
cam_01 555 2 2
cam_01 556 1 1
cam_01 563 2 1
cam_01 583 1 1
cam_01 585 2 4
cam_01 598 2 3
cam_02 33 2 1
cam_02 48 2 2
cam_02 54 1 1
cam_02 66 2 1
cam_02 128 2 3
cam_02 135 2 1
cam_02 147 2 1
cam_02 175 2 2
cam_02 180 2 2
cam_02 186 2 1
cam_02 210 2 1
cam_02 270 2 3
cam_02 297 2 2
cam_02 320 2 4
cam_02 358 2 4
cam_02 376 1 4
cam_02 412 2 4
cam_02 458 2 4
cam_02 459 2 1
cam_02 475 2 4
cam_02 477 1 1
cam_02 487 1 1
cam_02 505 2 2
cam_02 539 2 2
cam_02 541 2 3
cam_02 571 2 2
cam_03 18 1 4
cam_03 28 1 1
cam_03 85 1 2
cam_03 87 2 1
cam_03 121 1 4
cam_03 151 2 4
cam_03 201 2 2
cam_03 220 2 1
cam_03 249 2 2
cam_03 270 1 1
cam_03 285 1 1
cam_03 351 1 1
cam_03 351 2 3
cam_03 369 2 1
cam_03 384 2 1
cam_03 408 2 1
cam_03 417 2 1
cam_03 423 2 1
cam_03 456 2 1
cam_03 468 1 1
cam_03 471 2 1
cam_03 474 1 1
cam_03 486 2 1
cam_03 535 2 4
cam_03 540 2 1
cam_03 573 2 1
cam_03 592 1 1
cam_04 33 2 1
cam_04 34 1 1
cam_04 43 2 3
cam_04 45 1 1
cam_04 55 2 1
cam_04 57 1 1
cam_04 58 2 1
cam_04 64 2 1
cam_04 64 1 1
cam_04 65 2 1
cam_04 72 2 1
cam_04 77 2 4
cam_04 77 2 1
cam_04 89 2 1
cam_04 90 2 1
cam_04 90 2 1
cam_04 100 1 1
cam_04 102 2 1
cam_04 108 1 1
cam_04 111 2 1
cam_04 115 1 1
cam_04 118 2 2
cam_04 127 2 1
cam_04 129 2 1
cam_04 133 1 1
cam_04 136 2 1
cam_04 139 2 1
cam_04 139 1 1
cam_04 142 2 1
cam_04 144 2 1
cam_04 151 2 1
cam_04 156 1 1
cam_04 165 2 1
cam_04 166 2 1
cam_04 175 2 1
cam_04 180 2 1
cam_04 183 2 1
cam_04 187 2 1
cam_04 189 1 1
cam_04 192 2 1
cam_04 193 1 1
cam_04 195 2 1
cam_04 199 1 1
cam_04 202 1 1
cam_04 205 2 1
cam_04 210 1 1
cam_04 213 2 1
cam_04 218 2 1
cam_04 222 1 1
cam_04 229 1 1
cam_04 232 1 1
cam_04 235 2 1
cam_04 238 2 1
cam_04 250 2 2
cam_04 250 1 1
cam_04 259 1 1
cam_04 267 1 1
cam_04 273 2 1
cam_04 273 2 1
cam_04 273 2 1
cam_04 277 2 1
cam_04 283 2 1
cam_04 288 2 1
cam_04 292 2 1
cam_04 292 2 1
cam_04 300 2 1
cam_04 301 2 1
cam_04 306 2 1
cam_04 306 1 1
cam_04 314 2 1
cam_04 321 1 1
cam_04 325 2 1
cam_04 325 1 1
cam_04 331 1 1
cam_04 334 2 1
cam_04 337 1 1
cam_04 349 2 1
cam_04 355 1 1
cam_04 357 1 1
cam_04 357 2 1
cam_04 361 1 1
cam_04 361 2 1
cam_04 367 2 1
cam_04 372 2 1
cam_04 372 1 1
cam_04 374 2 1
cam_04 378 2 1
cam_04 378 2 1
cam_04 381 2 1
cam_04 382 2 1
cam_04 382 1 4
cam_04 387 1 1
cam_04 389 2 1
cam_04 393 2 1
cam_04 394 1 1
cam_04 397 1 1
cam_04 397 1 1
cam_04 402 1 1
cam_04 402 2 1
cam_04 405 2 1
cam_04 409 1 1
cam_04 409 1 1
cam_04 411 2 1
cam_04 417 1 1
cam_04 420 1 1
cam_04 423 2 1
cam_04 427 1 1
cam_04 429 2 1
cam_04 438 2 1
cam_04 442 2 1
cam_04 454 2 1
cam_04 457 2 1
cam_04 460 2 1
cam_04 464 2 1
cam_04 477 2 1
cam_04 481 2 2
cam_04 496 2 1
cam_04 498 1 1
cam_04 505 2 2
cam_04 508 1 1
cam_04 513 2 1
cam_04 514 2 1
cam_04 516 1 1
cam_04 522 2 2
cam_04 522 1 1
cam_04 528 2 1
cam_04 528 1 2
cam_04 531 2 1
cam_04 531 1 1
cam_04 540 2 1
cam_04 541 2 1
cam_04 550 2 1
cam_04 555 2 1
cam_04 562 1 1
cam_04 566 2 1
cam_04 567 1 1
cam_04 568 1 1
cam_04 569 2 1
cam_04 573 1 1
cam_04 579 2 1
cam_04 579 2 1
cam_04 582 1 1
cam_04 583 2 1
cam_04 591 2 1
cam_04 591 2 1
cam_04 592 1 1
cam_05 82 1 1
cam_05 85 1 1
cam_05 87 2 1
cam_05 91 1 1
cam_05 92 1 1
cam_05 100 1 1
cam_05 117 1 2
cam_05 154 2 1
cam_05 187 2 1
cam_05 226 2 1
cam_05 237 2 1
cam_05 255 2 1
cam_05 279 2 1
cam_05 282 1 1
cam_05 283 2 1
cam_05 255 1 1
cam_05 314 2 1
cam_05 361 1 2
cam_05 378 2 1
cam_05 402 2 1
cam_05 411 2 1
cam_05 459 2 1
cam_05 502 1 1
cam_05 512 2 1
cam_06 4 1 1
cam_06 12 1 1
cam_06 21 1 1
cam_06 42 1 1
cam_06 46 1 1
cam_06 54 1 1
cam_06 70 2 1
cam_06 88 2 1
cam_06 90 1 3
cam_06 91 1 1
cam_06 91 2 4
cam_06 99 1 1
cam_06 102 1 1
cam_06 105 1 1
cam_06 106 1 1
cam_06 106 2 1
cam_06 106 2 2
cam_06 114 1 4
cam_06 120 1 1
cam_06 123 1 1
cam_06 123 2 1
cam_06 130 1 4
cam_06 160 1 3
cam_06 168 1 2
cam_06 172 2 4
cam_06 177 1 2
cam_06 208 1 2
cam_06 208 2 1
cam_06 210 1 4
cam_06 240 2 1
cam_06 250 2 1
cam_06 264 2 1
cam_06 273 2 1
cam_06 285 1 1
cam_06 288 2 1
cam_06 289 1 1
cam_06 300 1 4
cam_06 301 2 1
cam_06 302 2 4
cam_06 307 1 4
cam_06 309 2 4
cam_06 321 2 4
cam_06 324 1 1
cam_06 325 1 1
cam_06 328 1 4
cam_06 330 1 1
cam_06 333 2 2
cam_06 337 1 1
cam_06 346 1 1
cam_06 346 2 4
cam_06 364 1 1
cam_06 372 2 2
cam_06 387 2 2
cam_06 400 2 3
cam_06 405 1 1
cam_06 412 2 1
cam_06 414 2 1
cam_06 415 1 2
cam_06 418 1 1
cam_06 442 2 4
cam_06 451 1 1
cam_06 471 2 4
cam_06 493 2 1
cam_06 493 2 1
cam_06 495 1 1
cam_06 508 1 1
cam_06 512 1 4
cam_06 534 2 1
cam_06 535 1 1
cam_06 559 1 1
cam_06 559 1 1
cam_06 562 1 2
cam_06 579 1 1
cam_06 583 1 1
cam_06 586 1 1
cam_06 595 1 1
cam_07 3 2 1
cam_07 13 2 1
cam_07 13 2 1
cam_07 15 2 1
cam_07 16 2 1
cam_07 17 2 1
cam_07 27 1 2
cam_07 42 2 2
cam_07 43 2 1
cam_07 43 2 4
cam_07 43 1 1
cam_07 51 2 1
cam_07 57 1 1
cam_07 63 2 2
cam_07 63 1 4
cam_07 64 1 2
cam_07 67 1 1
cam_07 79 1 4
cam_07 87 2 1
cam_07 88 2 2
cam_07 93 2 4
cam_07 94 1 4
cam_07 99 2 2
cam_07 117 2 4
cam_07 121 1 4
cam_07 123 2 1
cam_07 132 1 1
cam_07 148 2 4
cam_07 154 1 1
cam_07 162 2 1
cam_07 165 2 1
cam_07 171 2 1
cam_07 171 2 1
cam_07 177 2 1
cam_07 192 2 1
cam_07 198 1 1
cam_07 202 1 1
cam_07 205 1 2
cam_07 216 1 1
cam_07 216 2 4
cam_07 222 1 1
cam_07 229 1 1
cam_07 229 1 2
cam_07 237 1 1
cam_07 241 1 2
cam_07 243 2 1
cam_07 244 1 4
cam_07 249 2 2
cam_07 259 1 1
cam_07 262 2 2
cam_07 267 1 1
cam_07 285 1 1
cam_07 292 2 1
cam_07 300 2 1
cam_07 306 1 4
cam_07 316 2 4
cam_07 318 1 1
cam_07 330 2 1
cam_07 342 1 4
cam_07 346 1 1
cam_07 346 2 4
cam_07 353 1 4
cam_07 371 2 4
cam_07 388 2 1
cam_07 393 1 1
cam_07 399 2 1
cam_07 404 2 1
cam_07 406 2 1
cam_07 414 1 2
cam_07 415 2 1
cam_07 418 1 1
cam_07 429 2 1
cam_07 433 1 1
cam_07 435 2 3
cam_07 439 1 1
cam_07 459 2 1
cam_07 459 2 1
cam_07 460 2 1
cam_07 463 1 1
cam_07 486 2 1
cam_07 502 2 1
cam_07 552 2 1
cam_07 552 2 1
cam_07 564 1 1
cam_07 564 2 1
cam_07 576 2 1
cam_07 577 2 1
cam_07 585 1 1
cam_07 585 1 1
cam_07 586 2 1
cam_08 9 1 1
cam_08 12 1 1
cam_08 16 1 1
cam_08 21 1 1
cam_08 22 1 1
cam_08 22 1 1
cam_08 28 1 1
cam_08 37 1 1
cam_08 43 1 1
cam_08 45 1 1
cam_08 49 1 1
cam_08 55 1 2
cam_08 57 1 1
cam_08 60 1 1
cam_08 63 1 1
cam_08 67 1 1
cam_08 67 1 2
cam_08 67 2 1
cam_08 67 2 1
cam_08 73 1 1
cam_08 75 2 1
cam_08 79 1 1
cam_08 91 1 1
cam_08 91 1 2
cam_08 93 2 1
cam_08 102 2 1
cam_08 103 1 1
cam_08 106 2 1
cam_08 112 1 1
cam_08 117 1 1
cam_08 117 1 1
cam_08 120 1 1
cam_08 121 2 1
cam_08 123 1 1
cam_08 138 1 1
cam_08 156 2 1
cam_08 165 2 1
cam_08 172 2 1
cam_08 174 2 1
cam_08 178 1 1
cam_08 180 2 1
cam_08 192 2 1
cam_08 203 2 1
cam_08 213 1 1
cam_08 223 1 1
cam_08 228 1 1
cam_08 229 2 1
cam_08 230 2 1
cam_08 231 1 1
cam_08 232 2 1
cam_08 237 1 1
cam_08 238 1 1
cam_08 246 1 1
cam_08 250 1 2
cam_08 256 1 1
cam_08 264 2 1
cam_08 268 1 1
cam_08 270 1 1
cam_08 277 1 1
cam_08 280 1 1
cam_08 286 1 1
cam_08 288 2 1
cam_08 291 1 4
cam_08 294 1 1
cam_08 295 1 1
cam_08 297 1 1
cam_08 301 1 1
cam_08 304 1 1
cam_08 312 1 1
cam_08 312 2 1
cam_08 312 2 1
cam_08 316 1 2
cam_08 322 1 1
cam_08 325 2 1
cam_08 328 1 1
cam_08 330 1 1
cam_08 334 1 2
cam_08 336 1 1
cam_08 343 2 1
cam_08 343 1 1
cam_08 345 1 1
cam_08 349 2 1
cam_08 351 1 1
cam_08 355 1 1
cam_08 363 2 1
cam_08 366 1 1
cam_08 370 2 1
cam_08 371 2 1
cam_08 378 2 1
cam_08 400 1 1
cam_08 405 1 1
cam_08 414 1 1
cam_08 415 1 1
cam_08 423 2 1
cam_08 445 2 1
cam_08 471 2 1
cam_08 471 1 1
cam_08 498 1 1
cam_08 511 1 1
cam_08 529 2 1
cam_08 562 1 1
cam_08 565 1 1
cam_08 589 1 1
cam_09 3 1 2
cam_09 4 1 1
cam_09 4 1 1
cam_09 4 1 1
cam_09 6 1 2
cam_09 7 1 1
cam_09 7 1 1
cam_09 9 1 1
cam_09 12 1 2
cam_09 15 1 1
cam_09 15 1 1
cam_09 16 1 2
cam_09 16 1 1
cam_09 16 1 1
cam_09 18 1 2
cam_09 19 1 1
cam_09 31 1 2
cam_09 33 1 2
cam_09 34 1 1
cam_09 40 1 2
cam_09 42 1 1
cam_09 43 1 1
cam_09 43 1 1
cam_09 45 1 1
cam_09 49 1 2
cam_09 49 1 1
cam_09 51 1 1
cam_09 55 1 1
cam_09 58 1 2
cam_09 58 1 1
cam_09 60 1 1
cam_09 60 1 1
cam_09 63 1 1
cam_09 67 1 1
cam_09 69 1 2
cam_09 69 1 1
cam_09 69 1 1
cam_09 77 1 1
cam_09 81 1 1
cam_09 82 1 1
cam_09 82 1 1
cam_09 84 1 1
cam_09 90 1 1
cam_09 90 1 1
cam_09 91 1 1
cam_09 99 1 1
cam_09 99 1 1
cam_09 108 1 1
cam_09 108 1 1
cam_09 108 1 1
cam_09 109 1 1
cam_09 114 1 2
cam_09 120 1 1
cam_09 120 1 1
cam_09 123 1 1
cam_09 129 1 1
cam_09 129 1 1
cam_09 135 1 1
cam_09 139 1 1
cam_09 144 1 1
cam_09 144 1 1
cam_09 145 1 1
cam_09 150 1 2
cam_09 150 1 1
cam_09 151 1 1
cam_09 151 1 1
cam_09 169 1 1
cam_09 171 1 1
cam_09 172 1 2
cam_09 175 1 3
cam_09 183 1 2
cam_09 187 1 2
cam_09 190 1 2
cam_09 190 1 1
cam_09 192 1 1
cam_09 193 1 1
cam_09 196 1 1
cam_09 198 1 1
cam_09 201 1 1
cam_09 201 1 1
cam_09 204 1 1
cam_09 205 1 1
cam_09 205 1 1
cam_09 213 1 2
cam_09 213 1 1
cam_09 214 1 1
cam_09 225 1 2
cam_09 225 1 1
cam_09 226 1 2
cam_09 226 1 1
cam_09 235 1 1
cam_09 243 1 1
cam_09 243 1 1
cam_09 249 1 2
cam_09 252 1 1
cam_09 256 1 1
cam_09 261 1 2
cam_09 261 1 1
cam_09 262 1 1
cam_09 268 1 1
cam_09 268 1 1
cam_09 271 1 1
cam_09 274 1 1
cam_09 274 1 1
cam_09 276 1 2
cam_09 278 1 2
cam_09 279 1 1
cam_09 279 1 1
cam_09 283 1 1
cam_09 288 1 2
cam_09 290 1 1
cam_09 295 1 1
cam_09 296 1 1
cam_09 298 1 1
cam_09 301 1 1
cam_09 306 1 1
cam_09 308 1 2
cam_09 312 1 2
cam_09 313 1 1
cam_09 313 1 1
cam_09 313 1 1
cam_09 313 1 1
cam_09 313 1 1
cam_09 313 1 1
cam_09 315 1 2
cam_09 320 1 1
cam_09 321 1 1
cam_09 322 1 1
cam_09 324 1 1
cam_09 327 1 1
cam_09 330 1 1
cam_09 330 1 1
cam_09 331 1 1
cam_09 336 1 1
cam_09 339 1 1
cam_09 342 1 1
cam_09 349 1 1
cam_09 351 1 1
cam_09 351 1 1
cam_09 354 1 1
cam_09 355 1 1
cam_09 361 1 1
cam_09 367 1 1
cam_09 367 1 1
cam_09 372 1 1
cam_09 372 1 1
cam_09 373 1 1
cam_09 376 1 2
cam_09 382 1 1
cam_09 382 1 1
cam_09 382 1 1
cam_09 382 1 1
cam_09 382 1 1
cam_09 388 1 2
cam_09 394 1 1
cam_09 403 1 2
cam_09 403 1 1
cam_09 408 1 1
cam_09 414 1 1
cam_09 420 1 1
cam_09 424 1 1
cam_09 427 1 1
cam_09 432 1 1
cam_09 435 1 1
cam_09 445 1 1
cam_09 445 1 1
cam_09 448 1 1
cam_09 462 1 1
cam_09 463 1 1
cam_09 466 1 1
cam_09 474 1 1
cam_09 474 1 1
cam_09 477 1 1
cam_09 484 1 1
cam_09 484 1 1
cam_09 489 1 1
cam_09 492 1 1
cam_09 495 1 1
cam_09 495 1 1
cam_09 496 1 1
cam_09 498 1 2
cam_09 499 1 1
cam_09 504 1 1
cam_09 505 1 1
cam_09 507 1 1
cam_09 508 1 1
cam_09 511 1 1
cam_09 512 1 2
cam_09 513 1 1
cam_09 516 1 2
cam_09 517 1 1
cam_09 518 1 1
cam_09 520 1 1
cam_09 524 1 1
cam_09 524 1 1
cam_09 524 1 1
cam_09 528 1 1
cam_09 529 1 1
cam_09 537 1 2
cam_09 537 1 1
cam_09 544 1 1
cam_09 545 1 2
cam_09 546 1 1
cam_09 550 1 1
cam_09 554 1 1
cam_09 564 1 1
cam_09 564 1 1
cam_09 564 1 1
cam_09 565 1 2
cam_09 568 1 2
cam_09 571 1 1
cam_09 573 1 1
cam_09 577 1 2
cam_09 579 1 1
cam_09 579 1 1
cam_09 579 1 1
cam_09 579 1 1
cam_09 579 1 1
cam_09 585 1 1
cam_09 585 1 1
cam_09 585 1 1
cam_09 588 1 1
cam_09 591 1 1
cam_09 594 1 1
cam_09 597 1 1
cam_09 598 1 1
cam_09 600 1 1
cam_10 9 1 1
cam_10 9 1 1
cam_10 13 1 1
cam_10 34 5 3
cam_10 36 5 1
cam_10 46 8 1
cam_10 48 11 1
cam_10 51 5 1
cam_10 51 11 1
cam_10 52 8 1
cam_10 55 3 1
cam_10 58 8 1
cam_10 63 4 1
cam_10 67 3 1
cam_10 67 8 1
cam_10 75 8 1
cam_10 75 4 1
cam_10 79 4 1
cam_10 79 8 1
cam_10 84 4 1
cam_10 87 8 1
cam_10 88 8 1
cam_10 88 4 1
cam_10 91 4 1
cam_10 94 4 1
cam_10 94 8 1
cam_10 97 4 1
cam_10 99 8 1
cam_10 100 4 1
cam_10 102 9 1
cam_10 106 4 1
cam_10 106 8 1
cam_10 106 4 1
cam_10 106 1 1
cam_10 111 12 1
cam_10 112 4 1
cam_10 121 9 1
cam_10 123 4 1
cam_10 124 9 1
cam_10 136 9 1
cam_10 136 4 1
cam_10 150 8 1
cam_10 153 11 1
cam_10 160 4 2
cam_10 164 8 1
cam_10 175 4 1
cam_10 175 12 1
cam_10 180 4 2
cam_10 180 4 1
cam_10 187 9 1
cam_10 192 4 1
cam_10 214 4 2
cam_10 225 8 1
cam_10 247 4 2
cam_10 250 4 1
cam_10 255 4 1
cam_10 257 4 1
cam_10 257 4 1
cam_10 280 4 1
cam_10 285 4 2
cam_10 318 4 4
cam_10 321 6 2
cam_10 336 12 1
cam_10 336 4 2
cam_10 346 4 1
cam_10 354 3 1
cam_10 355 4 1
cam_10 363 2 1
cam_10 363 2 1
cam_10 373 3 1
cam_10 373 3 1
cam_10 381 1 1
cam_10 384 2 1
cam_10 388 1 1
cam_10 389 2 1
cam_10 390 2 1
cam_10 393 2 1
cam_10 399 3 1
cam_10 400 2 1
cam_10 400 1 1
cam_10 400 1 1
cam_10 400 1 1
cam_10 405 2 1
cam_10 408 2 1
cam_10 408 1 1
cam_10 408 1 1
cam_10 409 2 1
cam_10 410 1 1
cam_10 412 3 1
cam_10 414 1 1
cam_10 416 2 1
cam_10 417 1 1
cam_10 418 2 1
cam_10 421 1 1
cam_10 421 1 1
cam_10 421 1 2
cam_10 426 2 1
cam_10 426 1 1
cam_10 426 2 1
cam_10 426 2 1
cam_10 428 1 1
cam_10 428 1 1
cam_10 429 2 1
cam_10 432 1 1
cam_10 432 2 1
cam_10 432 3 1
cam_10 435 2 1
cam_10 442 2 1
cam_10 442 1 1
cam_10 442 1 1
cam_10 444 1 1
cam_10 445 2 1
cam_10 446 2 1
cam_10 453 2 1
cam_10 455 2 1
cam_10 456 2 1
cam_10 459 1 1
cam_10 462 2 1
cam_10 462 2 1
cam_10 462 1 1
cam_10 468 2 1
cam_10 468 1 1
cam_10 469 1 1
cam_10 469 3 2
cam_10 477 2 1
cam_10 477 2 1
cam_10 477 1 1
cam_10 478 2 2
cam_10 480 2 1
cam_10 486 1 1
cam_10 486 1 1
cam_10 486 1 4
cam_10 487 2 1
cam_10 489 2 1
cam_10 489 1 1
cam_10 493 1 1
cam_10 493 1 1
cam_10 495 3 1
cam_10 498 1 1
cam_10 499 2 1
cam_10 499 1 1
cam_10 501 2 1
cam_10 502 1 1
cam_10 504 1 1
cam_10 507 1 1
cam_10 510 9 1
cam_10 510 1 1
cam_10 516 1 1
cam_10 516 1 1
cam_10 517 10 1
cam_10 520 1 1
cam_10 520 2 1
cam_10 523 1 1
cam_10 524 10 1
cam_10 524 10 1
cam_10 525 1 1
cam_10 525 1 1
cam_10 526 9 1
cam_10 532 2 1
cam_10 534 1 1
cam_10 534 1 1
cam_10 535 9 1
cam_10 541 3 1
cam_10 542 1 1
cam_10 544 1 1
cam_10 546 1 1
cam_10 547 1 1
cam_10 547 2 1
cam_10 549 1 4
cam_10 551 1 1
cam_10 552 2 1
cam_10 552 2 1
cam_10 552 2 1
cam_10 554 3 1
cam_10 555 1 1
cam_10 556 1 1
cam_10 559 2 1
cam_10 559 1 1
cam_10 564 2 1
cam_10 565 1 2
cam_10 567 2 4
cam_10 567 1 1
cam_10 569 1 1
cam_10 571 3 1
cam_10 574 2 1
cam_10 576 2 1
cam_10 576 1 1
cam_10 578 3 1
cam_10 579 2 1
cam_10 582 2 1
cam_10 585 2 1
cam_10 585 3 1
cam_10 591 2 1
cam_10 591 2 1
cam_10 591 1 1
cam_10 591 1 1
cam_10 593 2 2
cam_10 594 2 1
cam_10 595 2 1
cam_10 595 2 1
cam_10 597 1 1
cam_10 591 1 3
cam_11 13 1 1
cam_11 60 2 1
cam_11 82 1 1
cam_11 82 2 1
cam_11 96 2 1
cam_11 115 1 2
cam_11 118 2 1
cam_11 135 2 1
cam_11 160 1 2
cam_11 207 2 1
cam_11 226 2 1
cam_11 238 2 1
cam_11 267 2 1
cam_11 274 2 1
cam_11 300 2 1
cam_11 309 1 1
cam_11 324 1 1
cam_11 336 2 1
cam_11 369 1 1
cam_11 376 1 1
cam_11 388 1 1
cam_11 405 2 1
cam_11 466 1 1
cam_11 480 1 1
cam_11 491 2 1
cam_11 516 2 1
cam_11 525 2 1
cam_11 535 2 1
cam_11 543 2 1
cam_11 544 1 1
cam_11 556 2 1
cam_11 561 2 1
cam_11 561 2 1
cam_11 568 1 1
cam_11 568 2 1
cam_11 574 2 1
cam_11 586 2 1
cam_11 594 2 1
cam_11 600 2 1
cam_12 30 1 1
cam_12 70 1 1
cam_12 73 1 1
cam_12 75 1 4
cam_12 109 1 1
cam_12 132 1 1
cam_12 144 1 1
cam_12 144 1 1
cam_12 146 1 1
cam_12 147 1 1
cam_12 147 1 1
cam_12 153 1 1
cam_12 154 1 1
cam_12 156 1 1
cam_12 156 1 1
cam_12 157 1 1
cam_12 158 1 1
cam_12 161 1 1
cam_12 165 1 1
cam_12 165 1 1
cam_12 166 1 1
cam_12 166 1 1
cam_12 168 1 1
cam_12 169 1 1
cam_12 169 1 1
cam_12 171 1 1
cam_12 171 1 1
cam_12 174 1 1
cam_12 175 1 1
cam_12 175 1 1
cam_12 175 1 1
cam_12 178 1 1
cam_12 178 1 1
cam_12 181 1 4
cam_12 184 1 1
cam_12 184 1 1
cam_12 187 1 1
cam_12 190 1 1
cam_12 190 1 1
cam_12 192 1 1
cam_12 192 1 1
cam_12 196 1 1
cam_12 196 1 1
cam_12 198 1 1
cam_12 201 1 1
cam_12 202 1 1
cam_12 204 1 1
cam_12 204 1 1
cam_12 204 1 1
cam_12 204 1 1
cam_12 204 1 1
cam_12 204 1 1
cam_12 204 1 1
cam_12 210 1 1
cam_12 213 1 1
cam_12 216 1 1
cam_12 217 1 1
cam_12 219 1 1
cam_12 223 1 1
cam_12 226 1 1
cam_12 228 1 1
cam_12 231 1 1
cam_12 235 1 1
cam_12 235 1 1
cam_12 238 1 1
cam_12 241 1 1
cam_12 241 1 1
cam_12 244 1 1
cam_12 244 1 1
cam_12 244 1 1
cam_12 250 1 1
cam_12 250 1 1
cam_12 259 1 2
cam_12 259 1 1
cam_12 259 1 1
cam_12 264 1 1
cam_12 264 1 2
cam_12 273 1 1
cam_12 273 1 1
cam_12 274 1 1
cam_12 275 1 1
cam_12 283 1 1
cam_12 285 1 4
cam_12 286 1 2
cam_12 292 1 1
cam_12 297 1 1
cam_12 306 1 2
cam_12 312 1 2
cam_12 313 1 1
cam_12 316 1 2
cam_12 318 1 1
cam_12 324 1 2
cam_12 329 1 1
cam_12 333 1 1
cam_12 334 1 1
cam_12 334 1 4
cam_12 349 1 2
cam_12 354 1 2
cam_12 361 1 1
cam_12 363 1 1
cam_12 371 1 2
cam_12 375 1 1
cam_12 378 1 1
cam_12 381 1 2
cam_12 396 1 2
cam_12 400 1 2
cam_12 408 1 1
cam_12 409 1 1
cam_12 413 1 1
cam_12 414 1 2
cam_12 424 1 1
cam_12 424 1 2
cam_12 429 1 2
cam_12 429 1 2
cam_12 430 1 1
cam_12 441 1 1
cam_12 442 1 1
cam_12 444 1 1
cam_12 445 1 1
cam_12 453 1 1
cam_12 453 1 3
cam_12 459 1 1
cam_12 460 1 2
cam_12 477 1 1
cam_12 477 1 1
cam_12 477 1 1
cam_12 480 1 1
cam_12 484 1 4
cam_12 486 1 1
cam_12 487 1 1
cam_12 489 1 1
cam_12 490 1 2
cam_12 496 1 1
cam_12 499 1 1
cam_12 501 1 1
cam_12 513 1 1
cam_12 526 1 1
cam_12 529 1 1
cam_12 546 1 1
cam_12 561 1 1
cam_13 22 1 1
cam_13 22 2 1
cam_13 42 2 1
cam_13 58 2 1
cam_13 58 1 1
cam_13 94 1 1
cam_13 120 1 1
cam_13 141 1 1
cam_13 189 2 1
cam_13 216 2 4
cam_13 247 2 1
cam_13 253 1 2
cam_13 273 2 4
cam_13 279 2 3
cam_13 292 2 2
cam_13 301 1 4
cam_13 328 2 1
cam_13 336 2 1
cam_13 348 2 1
cam_13 367 2 1
cam_13 369 2 4
cam_13 391 2 1
cam_13 397 2 1
cam_13 409 1 2
cam_13 438 2 1
cam_13 444 2 4
cam_13 460 2 1
cam_13 474 1 1
cam_13 483 2 1
cam_13 486 1 4
cam_13 498 1 2
cam_13 505 2 2
cam_13 521 1 4
cam_13 539 2 1
cam_13 544 2 1
cam_13 544 1 1
cam_13 546 1 1
cam_13 546 1 1
cam_13 546 1 2
cam_13 552 1 1
cam_14 16 2 2
cam_14 46 2 4
cam_14 63 2 1
cam_14 121 4 1
cam_14 124 2 1
cam_14 157 1 1
cam_14 181 2 4
cam_14 182 2 1
cam_14 211 2 1
cam_14 219 2 1
cam_14 220 1 1
cam_14 221 2 2
cam_14 241 1 3
cam_14 255 2 1
cam_14 279 2 3
cam_14 279 2 2
cam_14 280 1 2
cam_14 283 1 1
cam_14 304 2 2
cam_14 307 1 1
cam_14 315 1 3
cam_14 321 1 1
cam_14 336 1 1
cam_14 339 1 1
cam_14 365 4 2
cam_14 421 1 4
cam_14 433 1 1
cam_14 433 2 4
cam_14 440 2 2
cam_14 444 1 1
cam_14 469 1 1
cam_14 447 2 1
cam_14 462 2 1
cam_14 475 2 1
cam_14 480 2 2
cam_14 513 1 2
cam_14 529 1 1
cam_14 536 5 4
cam_14 576 1 1
cam_14 579 1 1
cam_15 18 4 1
cam_15 49 4 4
cam_15 49 4 1
cam_15 60 1 1
cam_15 70 1 1
cam_15 79 4 1
cam_15 93 4 1
cam_15 96 3 3
cam_15 109 1 1
cam_15 146 6 1
cam_15 153 1 1
cam_15 163 1 1
cam_15 189 1 1
cam_15 189 1 1
cam_15 219 3 3
cam_15 220 1 1
cam_15 229 4 2
cam_15 236 6 1
cam_15 237 1 1
cam_15 240 1 1
cam_15 249 4 3
cam_15 250 1 1
cam_15 265 3 1
cam_15 270 1 1
cam_15 273 4 1
cam_15 280 4 4
cam_15 291 4 2
cam_15 312 4 1
cam_15 337 3 1
cam_15 450 3 1
cam_15 454 6 2
cam_15 457 6 1
cam_15 486 4 1
cam_15 528 1 1
cam_15 595 1 1
cam_15 598 1 1
cam_16 6 1 1
cam_16 7 3 1
cam_16 9 1 2
cam_16 10 1 1
cam_16 10 1 1
cam_16 12 2 1
cam_16 15 1 1
cam_16 15 1 2
cam_16 15 3 1
cam_16 21 3 1
cam_16 25 1 1
cam_16 33 1 1
cam_16 33 2 4
cam_16 35 2 4
cam_16 37 2 1
cam_16 49 1 1
cam_16 49 1 3
cam_16 51 2 1
cam_16 55 3 1
cam_16 57 1 1
cam_16 57 3 1
cam_16 61 3 1
cam_16 67 1 1
cam_16 70 3 1
cam_16 81 2 1
cam_16 88 1 1
cam_16 96 1 1
cam_16 100 1 2
cam_16 102 2 1
cam_16 111 1 2
cam_16 120 1 1
cam_16 121 2 1
cam_16 124 3 3
cam_16 126 1 1
cam_16 132 1 1
cam_16 133 2 4
cam_16 138 1 1
cam_16 141 1 1
cam_16 142 2 1
cam_16 145 1 1
cam_16 148 2 1
cam_16 148 1 1
cam_16 148 1 1
cam_16 148 1 1
cam_16 148 1 1
cam_16 148 1 1
cam_16 148 1 2
cam_16 153 1 1
cam_16 154 1 1
cam_16 156 2 1
cam_16 156 1 1
cam_16 156 1 1
cam_16 157 1 2
cam_16 160 1 2
cam_16 162 1 1
cam_16 166 1 1
cam_16 175 1 1
cam_16 183 3 3
cam_16 189 3 1
cam_16 205 2 2
cam_16 208 2 1
cam_16 210 1 2
cam_16 219 2 1
cam_16 219 1 2
cam_16 220 1 1
cam_16 225 1 1
cam_16 226 2 1
cam_16 240 3 2
cam_16 246 1 1
cam_16 256 1 1
cam_16 259 1 1
cam_16 267 1 1
cam_16 267 1 1
cam_16 267 1 2
cam_16 267 2 1
cam_16 267 2 1
cam_16 288 3 1
cam_16 298 1 2
cam_16 300 1 2
cam_16 300 1 1
cam_16 304 1 1
cam_16 309 1 1
cam_16 324 1 2
cam_16 324 1 2
cam_16 327 1 1
cam_16 331 1 1
cam_16 334 3 1
cam_16 334 3 1
cam_16 334 2 3
cam_16 334 2 1
cam_16 334 1 2
cam_16 334 1 1
cam_16 334 1 1
cam_16 336 3 1
cam_16 339 1 1
cam_16 340 1 2
cam_16 343 1 1
cam_16 345 2 1
cam_16 350 1 1
cam_16 354 1 2
cam_16 363 1 1
cam_16 363 1 2
cam_16 366 1 1
cam_16 369 1 1
cam_16 369 1 2
cam_16 376 3 1
cam_16 376 1 4
cam_16 382 1 1
cam_16 383 1 2
cam_16 390 1 1
cam_16 391 2 1
cam_16 393 3 1
cam_16 394 1 1
cam_16 396 1 1
cam_16 396 1 1
cam_16 399 1 1
cam_16 399 1 1
cam_16 399 3 1
cam_16 399 2 1
cam_16 399 1 2
cam_16 402 3 1
cam_16 403 2 1
cam_16 406 2 1
cam_16 406 1 1
cam_16 406 1 3
cam_16 408 3 2
cam_16 409 2 1
cam_16 417 2 1
cam_16 420 1 1
cam_16 424 1 1
cam_16 424 1 1
cam_16 424 1 2
cam_16 426 1 1
cam_16 426 1 1
cam_16 430 1 2
cam_16 430 1 2
cam_16 433 1 1
cam_16 438 1 2
cam_16 444 1 1
cam_16 454 2 1
cam_16 456 1 2
cam_16 456 1 4
cam_16 459 1 1
cam_16 459 3 1
cam_16 468 1 2
cam_16 478 3 1
cam_16 478 1 2
cam_16 483 1 2
cam_16 483 1 1
cam_16 486 2 3
cam_16 487 3 1
cam_16 490 1 1
cam_16 495 1 1
cam_16 495 1 1
cam_16 495 1 2
cam_16 495 3 2
cam_16 499 3 1
cam_16 499 2 1
cam_16 501 1 1
cam_16 502 2 1
cam_16 508 2 2
cam_16 517 3 2
cam_16 520 2 1
cam_16 522 1 1
cam_16 525 3 1
cam_16 531 2 4
cam_16 540 1 1
cam_16 540 1 1
cam_16 543 1 1
cam_16 552 1 1
cam_16 558 1 1
cam_16 558 1 2
cam_16 562 1 1
cam_16 571 1 1
cam_16 579 1 1
cam_16 582 1 2
cam_16 582 2 1
cam_16 583 1 1
cam_16 586 2 1
cam_16 589 1 1
cam_16 591 2 1
cam_16 592 2 1
cam_16 595 1 1
cam_16 598 1 2
cam_16 600 1 4
cam_17 6 1 1
cam_17 6 3 1
cam_17 10 1 1
cam_17 13 1 1
cam_17 13 1 1
cam_17 13 2 2
cam_17 13 2 1
cam_17 18 3 1
cam_17 19 2 1
cam_17 21 1 1
cam_17 30 1 1
cam_17 31 1 1
cam_17 42 1 1
cam_17 45 2 1
cam_17 48 1 1
cam_17 57 1 1
cam_17 64 1 1
cam_17 70 2 1
cam_17 73 2 1
cam_17 78 2 1
cam_17 81 3 1
cam_17 82 1 2
cam_17 97 1 1
cam_17 106 1 2
cam_17 124 1 2
cam_17 136 3 1
cam_17 157 1 1
cam_17 163 1 1
cam_17 168 1 1
cam_17 175 1 2
cam_17 193 1 2
cam_17 219 1 2
cam_17 219 1 2
cam_17 229 2 1
cam_17 231 1 1
cam_17 246 2 1
cam_17 255 2 2
cam_17 259 1 1
cam_17 265 3 1
cam_17 274 1 1
cam_17 276 3 2
cam_17 279 1 1
cam_17 283 1 1
cam_17 285 1 2
cam_17 304 2 1
cam_17 317 1 2
cam_17 322 1 2
cam_17 322 2 2
cam_17 325 1 1
cam_17 325 3 1
cam_17 328 1 1
cam_17 330 1 1
cam_17 340 2 1
cam_17 345 1 1
cam_17 349 2 1
cam_17 349 2 1
cam_17 351 1 1
cam_17 354 1 1
cam_17 357 1 2
cam_17 358 2 1
cam_17 361 1 1
cam_17 372 1 2
cam_17 382 1 1
cam_17 382 2 2
cam_17 390 1 2
cam_17 393 2 1
cam_17 396 1 1
cam_17 398 1 1
cam_17 399 2 1
cam_17 402 2 1
cam_17 406 1 1
cam_17 412 1 1
cam_17 417 1 1
cam_17 417 3 1
cam_17 424 1 1
cam_17 430 2 1
cam_17 430 2 1
cam_17 436 1 1
cam_17 439 3 1
cam_17 445 1 1
cam_17 451 1 1
cam_17 465 2 2
cam_17 472 1 1
cam_17 477 1 1
cam_17 487 1 1
cam_17 489 1 1
cam_17 489 1 2
cam_17 490 1 1
cam_17 496 1 1
cam_17 499 1 2
cam_17 501 1 1
cam_17 504 2 1
cam_17 508 1 1
cam_17 535 2 1
cam_17 540 1 1
cam_17 546 2 1
cam_17 564 2 1
cam_17 570 1 1
cam_17 573 1 1
cam_17 583 1 1
cam_17 588 3 1
cam_17 595 1 2
cam_17 595 1 1
cam_17 600 2 1
cam_18 12 2 1
cam_18 12 2 1
cam_18 16 1 1
cam_18 27 1 1
cam_18 33 2 1
cam_18 37 1 1
cam_18 40 2 1
cam_18 57 1 1
cam_18 66 2 1
cam_18 76 2 1
cam_18 78 1 1
cam_18 93 1 1
cam_18 117 1 1
cam_18 129 1 1
cam_18 138 1 1
cam_18 142 1 1
cam_18 144 1 1
cam_18 147 1 1
cam_18 149 1 1
cam_18 162 1 1
cam_18 162 2 1
cam_18 162 2 1
cam_18 162 2 1
cam_18 167 2 1
cam_18 178 2 1
cam_18 186 1 1
cam_18 198 1 1
cam_18 199 1 1
cam_18 199 2 1
cam_18 204 1 1
cam_18 207 2 1
cam_18 213 2 1
cam_18 216 1 1
cam_18 220 1 1
cam_18 223 2 1
cam_18 225 1 1
cam_18 228 1 1
cam_18 231 2 1
cam_18 232 1 1
cam_18 235 1 1
cam_18 240 1 1
cam_18 240 2 1
cam_18 246 1 1
cam_18 253 1 1
cam_18 256 2 1
cam_18 263 2 1
cam_18 268 2 1
cam_18 280 1 1
cam_18 304 1 1
cam_18 309 1 1
cam_18 316 1 1
cam_18 322 1 1
cam_18 322 2 1
cam_18 326 2 1
cam_18 330 1 1
cam_18 337 1 1
cam_18 341 2 1
cam_18 343 1 1
cam_18 349 1 1
cam_18 349 2 1
cam_18 358 1 1
cam_18 361 1 1
cam_18 364 1 1
cam_18 372 1 1
cam_18 375 2 1
cam_18 378 1 1
cam_18 384 1 1
cam_18 385 2 1
cam_18 393 1 1
cam_18 393 1 2
cam_18 396 1 1
cam_18 396 2 1
cam_18 404 2 1
cam_18 405 1 1
cam_18 421 2 1
cam_18 430 2 1
cam_18 441 2 1
cam_18 459 2 1
cam_18 459 2 1
cam_18 463 2 1
cam_18 478 2 1
cam_18 493 2 1
cam_18 499 2 1
cam_18 505 2 1
cam_18 516 2 1
cam_18 522 1 1
cam_18 525 2 1
cam_18 530 2 1
cam_18 540 1 1
cam_18 540 2 1
cam_18 543 1 1
cam_18 546 2 1
cam_18 547 1 1
cam_18 553 2 1
cam_18 562 1 1
cam_18 565 1 1
cam_18 563 2 1
cam_18 597 2 1
cam_18 600 2 1
cam_18 600 2 1
cam_19 4 1 1
cam_19 4 1 1
cam_19 17 1 1
cam_19 18 2 1
cam_19 43 1 1
cam_19 46 1 1
cam_19 51 1 1
cam_19 54 2 1
cam_19 69 1 1
cam_19 73 1 1
cam_19 78 2 1
cam_19 83 2 1
cam_19 93 2 1
cam_19 93 2 1
cam_19 108 2 1
cam_19 121 2 1
cam_19 124 1 1
cam_19 129 1 1
cam_19 139 2 1
cam_19 151 2 1
cam_19 154 1 1
cam_19 157 2 1
cam_19 159 2 1
cam_19 162 2 1
cam_19 184 2 1
cam_19 193 1 1
cam_19 217 1 2
cam_19 246 1 2
cam_19 270 1 1
cam_19 269 1 1
cam_19 304 1 1
cam_19 331 2 1
cam_19 333 2 1
cam_19 345 1 1
cam_19 354 2 1
cam_19 358 2 1
cam_19 367 1 2
cam_19 372 2 1
cam_19 412 2 1
cam_19 420 1 1
cam_19 435 1 1
cam_19 472 2 2
cam_19 474 2 1
cam_19 496 2 1
cam_19 508 1 1
cam_19 511 2 1
cam_19 511 2 1
cam_19 523 2 1
cam_19 529 1 1
cam_19 537 2 1
cam_19 562 2 1
cam_19 568 2 1
cam_19 591 1 1
cam_20 20 4 1
cam_20 21 2 1
cam_20 21 2 1
cam_20 23 1 1
cam_20 42 1 1
cam_20 46 4 1
cam_20 52 1 1
cam_20 64 4 1
cam_20 76 4 1
cam_20 102 1 1
cam_20 112 1 1
cam_20 118 1 1
cam_20 131 1 1
cam_20 162 2 1
cam_20 164 4 1
cam_20 166 1 1
cam_20 181 2 1
cam_20 189 1 1
cam_20 217 1 1
cam_20 221 1 1
cam_20 221 4 1
cam_20 238 1 1
cam_20 243 4 1
cam_20 253 1 1
cam_20 271 1 1
cam_20 316 4 1
cam_20 325 4 1
cam_20 333 5 1
cam_20 333 5 1
cam_20 345 3 1
cam_20 353 5 1
cam_20 359 5 1
cam_20 366 4 1
cam_20 366 6 1
cam_20 381 4 1
cam_20 382 2 2
cam_20 390 2 1
cam_20 396 2 1
cam_20 406 2 1
cam_20 415 3 1
cam_20 434 2 1
cam_20 450 4 1
cam_20 453 3 1
cam_20 454 2 1
cam_20 462 3 1
cam_20 475 4 1
cam_20 478 2 1
cam_20 486 2 1
cam_20 487 5 1
cam_20 493 2 1
cam_20 493 2 1
cam_20 493 2 1
cam_20 493 5 1
cam_20 501 4 1
cam_20 515 2 2
cam_20 529 2 1
cam_20 529 5 1
cam_20 540 1 1
cam_20 546 1 1
cam_20 547 2 1
cam_20 556 2 1
cam_20 556 5 1
cam_20 564 2 1
cam_20 565 5 1
cam_20 576 1 1
cam_20 577 1 1
cam_20 583 1 1
cam_20 589 1 1
cam_20 592 1 1
cam_21 114 2 1
cam_21 125 1 1
cam_21 141 2 1
cam_21 147 1 1
cam_21 220 1 1
cam_21 283 1 1
cam_21 292 2 1
cam_21 292 2 1
cam_21 292 2 4
cam_21 385 2 1
cam_21 399 2 1
cam_21 438 1 1
cam_21 561 2 1
cam_22 28 1 1
cam_22 28 1 1
cam_22 78 2 1
cam_22 99 2 1
cam_22 105 2 1
cam_22 106 2 1
cam_22 135 1 1
cam_22 135 2 1
cam_22 142 2 1
cam_22 142 1 1
cam_22 163 2 1
cam_22 177 2 1
cam_22 177 1 1
cam_22 198 1 1
cam_22 256 1 1
cam_22 320 2 1
cam_22 345 1 1
cam_22 346 1 1
cam_22 348 1 1
cam_22 375 1 1
cam_22 385 1 1
cam_22 388 2 1
cam_22 409 2 1
cam_22 432 2 1
cam_22 455 2 1
cam_22 492 2 1
cam_22 519 2 1
cam_22 598 2 1
cam_23 31 1 1
cam_23 39 2 1
cam_23 72 1 1
cam_23 78 2 1
cam_23 99 2 1
cam_23 103 1 1
cam_23 124 1 2
cam_23 151 1 1
cam_23 236 1 2
cam_23 249 2 1
cam_23 259 2 1
cam_23 267 1 2
cam_23 267 2 1
cam_23 274 2 1
cam_23 282 2 1
cam_23 297 2 1
cam_23 306 2 1
cam_23 330 2 1
cam_23 335 2 1
cam_23 345 2 1
cam_23 346 1 1
cam_23 359 1 1
cam_23 370 2 4
cam_23 418 2 4
cam_23 418 2 1
cam_23 441 2 1
cam_23 442 1 1
cam_23 452 2 4
cam_23 482 1 1
cam_23 482 1 1
cam_23 483 2 2
cam_23 511 1 1
cam_23 525 2 4
cam_23 534 2 1
cam_23 568 1 4
cam_23 568 2 1
cam_23 572 2 2
cam_23 573 1 1
cam_23 595 1 1
cam_23 600 2 1
cam_24 3 1 1
cam_24 4 1 1
cam_24 7 2 1
cam_24 8 2 1
cam_24 10 1 1
cam_24 10 1 1
cam_24 15 2 1
cam_24 19 1 1
cam_24 27 2 1
cam_24 28 1 2
cam_24 30 1 1
cam_24 42 2 1
cam_24 43 1 1
cam_24 46 1 1
cam_24 49 2 1
cam_24 51 1 1
cam_24 54 2 1
cam_24 55 1 1
cam_24 57 1 1
cam_24 66 1 1
cam_24 67 1 1
cam_24 76 1 1
cam_24 76 1 1
cam_24 78 2 1
cam_24 79 1 1
cam_24 81 1 1
cam_24 83 2 2
cam_24 88 1 1
cam_24 94 1 1
cam_24 99 2 2
cam_24 99 2 1
cam_24 99 2 1
cam_24 105 1 1
cam_24 105 2 1
cam_24 112 1 1
cam_24 113 2 1
cam_24 115 1 1
cam_24 117 2 1
cam_24 127 1 1
cam_24 130 1 1
cam_24 138 2 1
cam_24 141 1 1
cam_24 142 2 1
cam_24 149 2 1
cam_24 150 1 1
cam_24 150 1 1
cam_24 156 1 1
cam_24 156 2 1
cam_24 162 2 1
cam_24 163 1 1
cam_24 166 2 1
cam_24 168 1 1
cam_24 174 1 1
cam_24 174 2 1
cam_24 177 2 1
cam_24 180 1 1
cam_24 180 2 1
cam_24 181 1 1
cam_24 186 2 1
cam_24 192 1 1
cam_24 192 2 1
cam_24 198 1 1
cam_24 198 2 1
cam_24 198 2 1
cam_24 200 2 1
cam_24 201 2 1
cam_24 208 2 1
cam_24 211 1 1
cam_24 212 2 1
cam_24 219 2 1
cam_24 223 1 1
cam_24 229 1 1
cam_24 231 1 1
cam_24 243 1 1
cam_24 246 1 1
cam_24 255 1 1
cam_24 261 1 1
cam_24 271 2 1
cam_24 277 1 1
cam_24 284 2 1
cam_24 289 2 1
cam_24 291 1 1
cam_24 297 2 1
cam_24 300 2 1
cam_24 304 2 1
cam_24 310 1 1
cam_24 311 2 1
cam_24 313 2 1
cam_24 321 2 1
cam_24 322 1 1
cam_24 325 1 1
cam_24 331 2 1
cam_24 334 1 1
cam_24 343 2 1
cam_24 348 1 1
cam_24 361 1 1
cam_24 364 1 1
cam_24 370 1 1
cam_24 376 1 1
cam_24 379 2 1
cam_24 382 1 1
cam_24 385 1 1
cam_24 387 2 1
cam_24 393 2 1
cam_24 394 1 1
cam_24 402 1 1
cam_24 408 1 1
cam_24 411 1 1
cam_24 417 2 1
cam_24 420 1 1
cam_24 426 1 1
cam_24 435 1 1
cam_24 435 1 1
cam_24 436 1 1
cam_24 437 1 1
cam_24 445 2 1
cam_24 456 1 1
cam_24 460 1 1
cam_24 462 1 1
cam_24 469 2 1
cam_24 483 1 1
cam_24 493 1 1
cam_24 495 2 1
cam_24 498 2 3
cam_24 501 1 1
cam_24 505 2 1
cam_24 510 2 1
cam_24 513 2 1
cam_24 513 2 1
cam_24 523 1 1
cam_24 525 1 1
cam_24 533 2 1
cam_24 535 1 1
cam_24 537 1 1
cam_24 540 2 1
cam_24 540 2 2
cam_24 541 1 1
cam_24 544 2 1
cam_24 544 2 1
cam_24 550 1 1
cam_24 550 2 1
cam_24 559 2 1
cam_24 562 2 1
cam_24 567 2 1
cam_24 570 2 1
cam_24 571 1 1
cam_24 571 2 1
cam_24 573 2 1
cam_24 582 1 1
cam_24 582 2 1
cam_24 590 2 1
cam_24 595 1 1
cam_24 595 2 1
cam_24 600 2 4
cam_25 57 2 1
cam_25 78 2 2
cam_25 79 1 1
cam_25 94 1 1
cam_25 99 2 1
cam_25 103 1 1
cam_25 111 2 1
cam_25 130 1 2
cam_25 133 2 1
cam_25 157 2 1
cam_25 196 1 1
cam_25 223 2 1
cam_25 261 1 1
cam_25 261 2 1
cam_25 291 1 4
cam_25 319 1 4
cam_25 342 1 4
cam_25 348 1 1
cam_25 355 1 1
cam_25 385 1 1
cam_25 408 2 1
cam_25 448 1 1
cam_25 448 2 1
cam_25 471 2 1
cam_25 484 2 1
cam_25 500 2 1
cam_25 517 2 1
cam_25 528 1 1
cam_25 532 1 1
cam_25 540 1 1
cam_25 552 1 1
cam_25 562 1 1
cam_25 567 1 1
cam_25 596 1 1
